156689809620606, 243565579389165, 455137247320393 @ -26, 48, -140
106355761063908, 459832650718033, 351953299411025 @ 73, -206, -52
271915251832336, 487490927073225, 398003502953444 @ 31, -414, -304
278301294493408, 210301684337526, 276412834430762 @ -17, 153, -28
262146623489507, 162285021125985, 434508319411402 @ -68, 186, -216
100360642160043, 324748831189633, 285310387662478 @ 22, -38, 46
249989001097453, 415885458390063, 425697561875793 @ -76, -168, -171
319458320561568, 367595915759329, 275829156406431 @ 63, -238, -146
429794796675064, 328384529255617, 215711742316663 @ -73, -550, -405
413337546220054, 234445965209569, 234239576989709 @ 74, 730, -514
368742109261588, 267620444542338, 316340249463068 @ -109, 71, -244
268647781982506, 383112233023575, 400207159189637 @ -16, -167, -242
245263233683248, 252096085447098, 159915544231253 @ 159, 97, 205
403291073829508, 443275906421913, 156181209827803 @ -139, -690, 265
308154327975660, 231305641310141, 258294531416871 @ -96, 103, 19
209794728221758, 220484733761233, 312338306684183 @ -79, 74, 11
265309364123188, 419259719328063, 225511001080898 @ -45, -208, 82
319619450789623, 406920163051583, 182788405844623 @ 56, -356, 147
198743674408618, 447013725548218, 117939714965973 @ 53, -247, 253
88481289227632, 69556849876541, 200096711415455 @ 311, 400, 119
108696964237362, 183408696970411, 191061667162741 @ 192, 167, 138
364737296389432, 239303453741988, 322482184320026 @ 135, 309, -666
341955559702516, 166871343289434, 67760236634117 @ 115, 543, 641
266171115365047, 297978061436516, 278849835472564 @ -28, -13, -14
413375292291708, 292483178038533, 194013097947443 @ 16, 9, 8
212721106837918, 249707113815633, 145225067403053 @ -83, 42, 193
294637499191078, 312990241314718, 253044038380483 @ 5, -49, -9
364183966657788, 328819836160359, 271073616014343 @ -47, -129, -165
303109082181288, 299695486454153, 438866705895623 @ -164, -13, -157
396150523676668, 275586277749250, 220343531946396 @ -37, 103, -84
374378435091408, 386792122158584, 540981395425303 @ -257, -109, -245
112408797824806, 264959570844624, 34608568824419 @ 21, 25, 311
424028184949024, 335200559583777, 184254750457223 @ 52, -720, 85
388712657017312, 367201040305929, 198532124867777 @ -113, -290, 84
418591554158320, 272935543247997, 139067813313899 @ 95, 318, 791
265753420275810, 309568698437536, 321627145788079 @ 205, -53, -269
102854370422120, 326998904436189, 306325775789383 @ 99, -48, -5
414597799520272, 339134748449869, 158143902771713 @ 119, -652, 470
305280203935258, 444469370589743, 526112889548643 @ -34, -329, -587
182846906714218, 328286110690383, 333339804664928 @ -15, -48, -32
363984789675778, 297108369481443, 206148862437557 @ 48, -21, 34
385478648002152, 288926853782307, 196204283537309 @ -5, 21, 68
234758963780434, 267566584128018, 173184750943619 @ 25, 39, 167
97711550595076, 49863213606372, 120113692829909 @ 139, 327, 237
91888229894624, 126278740579105, 292628555337223 @ 10, 158, 45
129408935324534, 268394705789377, 194547236523197 @ 61, 26, 137
361419580549573, 326562255386423, 175218423356134 @ 158, -196, 184
392911633872928, 176174913795903, 312375003367718 @ -81, 556, -476
213888654118856, 430480934069841, 314572710778519 @ 82, -252, -87
311006116330768, 277086752519625, 280766400121667 @ 163, 56, -216
192082888957288, 266531871165233, 240397581654423 @ 35, 34, 67
320909796012554, 220513709408708, 204860074098545 @ -123, 119, 113
381339315734722, 309150444632631, 198237407237537 @ 86, -105, 38
357850251702712, 417482985076677, 312286688739863 @ -243, -137, 15
309024118861408, 164403957518969, 446056828473799 @ -97, 220, -309
260716352452512, 309545271412985, 402377863270983 @ 31, -37, -285
410382583651168, 331248363921153, 226982304485543 @ -7, -347, -272
125717115148203, 170045104961773, 240810922950043 @ 150, 182, 63
205877674239277, 255986643942752, 343286853174898 @ -64, 37, -30
303584358649228, 294826486541013, 258686918121623 @ -31, -8, -13
286484894605537, 321948546875997, 409757026931663 @ -86, -50, -205
147274978335118, 261245767377453, 241688980302602 @ 213, 54, 42
264490962879095, 226600102582378, 150454728789965 @ -80, 89, 197
330111751645120, 110496261031409, 21845978243799 @ 35, 580, 661
336398029214047, 282537980706903, 236975890028153 @ -46, 24, 5
199822866602276, 245590350779068, 348889747963990 @ -5, 59, -72
421101710928918, 264843675351408, 204120342027628 @ -119, 243, -50
96911512499380, 17305159639557, 311397772955519 @ 180, 403, -39
114659827956819, 224289443155944, 342611287775244 @ -8, 63, -6
242038539419708, 240970054109423, 322529452857693 @ 61, 97, -122
282714363283548, 106022730229919, 138727238972509 @ 133, 533, 274
193432349326669, 152594385831607, 230962367949157 @ 32, 200, 81
352953940562168, 300454174505308, 217865069137403 @ -9, -29, 23
414205617749455, 387405045382980, 372003924636011 @ -188, -437, -729
384629437540537, 310943659317711, 222092246240312 @ -170, -52, 42
165350809002643, 274254004482983, 354270528247628 @ -22, 16, -40
296431600835212, 348340989329319, 189770240930210 @ -133, -80, 142
187506562392714, 359855617711207, 320176112672321 @ -15, -88, -19
157914221552573, 190746187796042, 274834256828403 @ -32, 103, 55
309279784710184, 317446350130590, 130188639955019 @ 135, -87, 327
429462707142176, 302861698640161, 199879988945287 @ -101, -130, -117
397395362682608, 219761015738333, 291401650774253 @ -105, 344, -370
36422600636476, 239084698474029, 403214648856671 @ 97, 52, -81
304603434775388, 271921542605833, 243919748497203 @ -14, 44, 10
334641414711048, 289734016455188, 235017024089278 @ -41, 5, 10
177382161347200, 301538528358423, 307134343081697 @ 15, -16, -11
425676757301291, 268684667159870, 217568324483971 @ -174, 191, -137
294449162405768, 298758883147777, 317081021988803 @ -87, -14, -70
90202256194174, 373361786704059, 412632154871207 @ 80, -99, -117
310741038124832, 424626690568737, 504317557467015 @ 12, -342, -678
390598582879864, 252262281165551, 197885559720283 @ 11, 253, 45
61623712000240, 166280498995569, 426090824997719 @ 34, 117, -82
382899469547813, 298164441904148, 258454815248483 @ -54, -25, -193
125780507751878, 134902105915193, 38777694704393 @ 10, 166, 308
340743334164960, 301852134055537, 247736158359895 @ 75, -37, -108
308340849886097, 322903323796554, 190187239130407 @ 106, -99, 123
364921340642548, 321445078390403, 209850435929053 @ 131, -164, -15
226449535762838, 347150986052873, 285939309525053 @ -56, -74, 20
314789685575048, 300826074108713, 494211396498783 @ -204, -13, -162
254861450357824, 305262566519889, 343451217005807 @ -101, -20, -46
368007925047000, 279155430225713, 211783651910903 @ 36, 64, 5
241915952139577, 336448011544226, 320697458979184 @ 14, -79, -86
325047016077512, 289422765941449, 236682011242719 @ -38, 5, 16
331937590710472, 351872367630828, 272973214173695 @ -169, -91, 19
412023890766148, 334456376692053, 262846898129093 @ -223, -140, -118
430546942574448, 267287295378793, 208897617574443 @ -69, 440, -326
400767940570744, 251667785662918, 244222534455858 @ -169, 149, -80
261315748840768, 256848580202433, 301625587111703 @ -67, 48, -22
454422391088248, 467442668649393, 494962391766155 @ -357, -446, -643
225303495317416, 455299951903299, 179076183319241 @ 55, -292, 157
270009802597504, 248239436449713, 361801365511447 @ -163, 39, -24
378259096711388, 218790077681315, 257533355061066 @ 123, 500, -366
38155313360940, 143952499079767, 204315811985991 @ 205, 193, 123
328494307888479, 163609915834197, 137701476327487 @ 174, 558, 339
164362036857716, 24117145841095, 196733794948255 @ 141, 451, 127
379788233760316, 274983304151817, 269810388128243 @ 136, 128, -480
91460550338287, 411332402491297, 403157837272712 @ 50, -134, -88
189563752548895, 359009910215700, 314641519716551 @ 30, -99, -37
386579722887298, 278593567591851, 169041058976381 @ 98, 105, 236
50405626947198, 322187041582088, 404738351264333 @ 97, -37, -91
299124020989133, 175245336039078, 214720353635159 @ -132, 159, 107
162830598929566, 160384819994385, 428255509649324 @ 37, 170, -172
81200978512408, 262042654777417, 444368592579071 @ 53, 28, -127
419113408030070, 402845501066987, 189547231914024 @ -111, -904, 78
231306044623918, 162295819256679, 314875947924212 @ 13, 208, -64
440112706500472, 407330300652729, 422063550208319 @ -328, -165, -184
115242087529577, 224614031338407, 324090288280157 @ 36, 72, -7
151235516031328, 303356863330033, 297567020641383 @ -25, -16, 31
168897614223950, 190021321517492, 312227678487871 @ -51, 101, 19
292731252859144, 289368574570197, 208477423634978 @ 71, 6, 80
377555425456564, 271870933386289, 209026830687715 @ -124, 62, 66
83155985579387, 263531634095809, 388933640858043 @ 46, 26, -65
343032299741956, 318431248964495, 230983780896061 @ 89, -107, -54
184266781937726, 180283451835589, 204376978183023 @ 97, 182, 115
271040751494070, 310921145403801, 214735872911077 @ 34, -42, 82
101201513495914, 270108966242383, 454187495896007 @ 26, 19, -133
150782392620907, 318738495424572, 371762009833394 @ 32, -37, -84
181905878706397, 259211603493867, 313649724115220 @ 14, 40, -22
173218562756396, 107406375257229, 324262724050959 @ -60, 183, 9
378128525959518, 415067113983733, 298057307496188 @ 13, -626, -448
264308913149146, 299753209106084, 271850139739155 @ 5, -17, -17
299200780795439, 266887754517301, 307681667660882 @ 34, 62, -166
327668457801889, 401274383179131, 171204666296426 @ 46, -352, 184
417675669598262, 293988050871539, 187587204146865 @ -36, -7, 78
307196808236827, 337134670606194, 283239492766536 @ -76, -87, -38
140351495202712, 36165385529451, 36243077321573 @ 99, 361, 360
297874498658238, 217254186857243, 281773329568803 @ -15, 160, -65
416300173715765, 329313742672659, 224213521028105 @ -168, -204, -91
318428607833323, 166301530781193, 483747171983453 @ -88, 242, -435
277368735645316, 426883526537333, 278618507743593 @ -19, -256, -30
225160923502940, 331985549863706, 222610739289022 @ -29, -59, 96
169702012274120, 302570287256753, 389347368403375 @ -18, -16, -86
379007729560472, 324179575229054, 237304102573018 @ -201, -67, 40
124919342783902, 17317876890399, 52825905702125 @ 120, 387, 336
197836361374600, 457243217638257, 402288908212439 @ -66, -184, -87
392008230819591, 243604408636991, 190092953341618 @ -144, 172, 120
374494435686633, 353632081477823, 354856277081962 @ -132, -176, -342
14039920486510, 107780750966967, 16612303297361 @ 316, 275, 402
203701452113788, 222470918009133, 250122562467683 @ -14, 89, 62
250723195450568, 284818030075853, 145341081712843 @ 73, 13, 228
204021961140431, 342247998363015, 84958594032993 @ -6, -72, 285
165363386594692, 436364399098395, 298145490301253 @ -39, -157, 30
407272340533868, 290061797217233, 211805541474203 @ 114, 38, -208
395038895643826, 327606285260517, 212071668967355 @ -114, -152, 17
240850477353248, 256299937088033, 236593268749703 @ 46, 64, 50
429475180792648, 308954515006173, 205369297165063 @ -55, -255, -261
173747442036868, 396944775480173, 262040796119273 @ 113, -176, 20
394985769479732, 282868365567250, 188433951287572 @ -5, 65, 102
372221896627712, 296473729515361, 233311134067079 @ 66, -20, -133
261287110515383, 434078809665773, 429627878988643 @ 70, -314, -393
312135362666596, 328081235869175, 293971950041710 @ -109, -64, -38
427126842659577, 261412026761233, 265790104657429 @ -98, 394, -899
377989523675174, 312819934270367, 186452906594155 @ 36, -109, 121
340994063515128, 283338210023069, 243069842207619 @ -107, 17, 18
233453495353144, 272037793624769, 337966238350340 @ -25, 26, -76
404518811627020, 304150597048453, 150946110707239 @ 134, -121, 483
420966148761052, 287638235593737, 189493851265925 @ -59, 62, 54
284418677985198, 379694534962742, 222908386759619 @ 73, -223, 47
27779669269128, 368125851731751, 424795350422220 @ 103, -84, -102
192374225932024, 296086991299513, 172742540090191 @ 242, -11, 172
138718849790112, 469079425195425, 255426552350599 @ -26, -183, 79
96034466212780, 217665710487860, 105403236362408 @ 155, 101, 260
301836160928548, 247331077186683, 325260642768278 @ 67, 124, -250
209218837721740, 307076337722779, 269718421913189 @ 5, -25, 26
413001405325853, 269418345794023, 214055078027948 @ -126, 148, -58
288699304787450, 213286894371946, 478993076746859 @ 37, 185, -553
166032540574064, 33209004095907, 228987724983495 @ 31, 336, 91
408484172522818, 237431539712133, 364070201454713 @ -182, 224, -594
129394139605081, 271957450031529, 203053582849028 @ 10, 18, 130
403607751193356, 350636795865179, 382486244987239 @ -191, -199, -533
218459838073920, 265511941192913, 226129290449719 @ 105, 49, 66
372897759141351, 364921567017014, 274041901454999 @ -224, -115, 11
122112965753177, 269621296613103, 357382335177332 @ 64, 24, -64
349323279928858, 156441118569537, 193317016557449 @ -122, 298, 126
214062681346900, 312068925754477, 274437001718289 @ 149, -44, -42
328751482552880, 424350543301265, 95169293677687 @ 109, -500, 477
365681273658393, 310062668651708, 298205794709753 @ -152, -43, -115
75536171186048, 281406682061203, 410294742639113 @ 79, 8, -103
227894018916632, 215209732257421, 183338280708161 @ 291, 220, 146
308821662096418, 288470441858583, 222494442410453 @ 44, 9, 38
396961689132520, 342816219583849, 199968926258079 @ -31, -308, 33
1233905048600, 27311338577997, 249096586339955 @ 109, 261, 86
39668243863771, 339276389912772, 166669266543644 @ 174, -63, 172
313018799688488, 327027269691793, 180204909018503 @ -63, -74, 155
423680804636396, 327144470637599, 196766862265649 @ -159, -265, 26
125147652212682, 91132895970140, 328278076840951 @ 45, 235, -21
116611372726262, 304054056569403, 370570787993181 @ 150, -21, -126
337171864245647, 350314541993526, 334147411286616 @ -180, -87, -66
326437224132902, 266877803417225, 136159734847403 @ 72, 86, 305
195725666594784, 151003927895895, 105444812488527 @ 79, 231, 279
159265107783646, 274856304195096, 248849419713494 @ 161, 27, 36
133297744989140, 369032601628027, 94200808436293 @ 9, -89, 250
240267360464436, 169208772994095, 241776960334423 @ -69, 156, 75
410708887981495, 380981024571300, 190697541266993 @ -98, -587, 85
324403083153786, 508476868994521, 220154186800413 @ -123, -382, 85
226334400714161, 520186991796744, 194681681688100 @ -48, -303, 136
33103026380212, 239544478468497, 384008778169763 @ 89, 50, -55
97474623057917, 115464939889331, 323986080597325 @ 66, 200, -11
379131497638652, 344263953756393, 450773310371111 @ -56, -216, -973
263712292377948, 405291973269313, 151456574473863 @ 70, -254, 219
185910350499572, 261800491827432, 275507488957209 @ -69, 27, 57
292283345986969, 210365287838262, 503338129510493 @ -84, 131, -375
235096813934710, 343642040070729, 317017032713717 @ -31, -78, -43
388012588989984, 277394194997729, 342538825370215 @ 39, 100, -888
76394666353683, 294906256541762, 313049340932202 @ 28, -7, 24
59385002790164, 376247870875709, 118630558389063 @ 166, -113, 235
372071330738683, 543469605834111, 334778584134776 @ -192, -492, -146
192011291183718, 480274751952783, 224295410641803 @ -83, -192, 111
383308854056363, 210387620641883, 362960595019885 @ -72, 344, -611
374638681556608, 455383711507253, 246925694813803 @ -73, -599, -90
369886846614108, 307500909686391, 193657219580227 @ 153, -93, 69
215945975368338, 316888799575043, 170881953883553 @ 34, -43, 170
284403797899283, 230155593332033, 338351307018438 @ 70, 154, -242
331488419686485, 329221052458164, 375872527445567 @ -210, -45, -61
314186712060901, 209093170759353, 214124511478295 @ 100, 274, 43
271592497707606, 556304028906576, 414662233827483 @ -143, -297, -105
329213516985008, 161640297744449, 278022543146999 @ 48, 428, -166
198700989746016, 272955422620129, 207958280982599 @ 172, 37, 98
121959330988318, 493788792364653, 313125854347373 @ -22, -200, 26
384289781496518, 283550105070933, 190163941158703 @ -12, 48, 103
356760382285690, 247235776325943, 269978259105581 @ -58, 139, -124
371745473953047, 311576100081969, 292203089115031 @ -134, -54, -149
388760858799262, 302931470052987, 218327145322109 @ -43, -52, -39
201048933702188, 220659316801223, 214242717237533 @ -99, 65, 122
29502088673968, 168782683799193, 178119750800009 @ 63, 114, 157
378909843368353, 406476813737805, 178377236342708 @ -152, -314, 160
6249333679713, 303172175944518, 284347120418968 @ 90, -15, 54
334063218802324, 161663329873311, 347897431504165 @ 107, 516, -507
255147209718300, 479794845045981, 156075949142295 @ 12, -345, 199
174598749582828, 281444448823378, 239570996810673 @ -53, 7, 93
376945215322495, 321998487931571, 236756161317265 @ 74, -172, -179
172676429956996, 328635267513819, 281027995480031 @ 65, -57, 7
201064049803193, 181023480421858, 322277394107003 @ -26, 137, -25
82597026174120, 158322128982245, 262126916589115 @ 165, 181, 42
249866689034032, 352263673790193, 163142471468567 @ -118, -71, 174
221776010069488, 124247459308273, 224984225339463 @ -76, 191, 103
329766335596196, 279715943434361, 158194441255507 @ -24, 32, 214
407886682740259, 287803091918502, 206549521629731 @ -26, 43, -57
308853286575173, 52364022847523, 107370543494178 @ -44, 508, 310
284793718046509, 83277454203611, 284000681452177 @ -16, 412, -51
280811252806124, 80141844983703, 439344200315389 @ -23, 399, -336
339075273283904, 143553659625855, 281980468828629 @ -129, 285, -42
400350458083378, 162159885007192, 268392970875862 @ -127, 593, -246
366703903730093, 259991838718108, 262877991832013 @ 28, 149, -223
330206705937962, 307749314854045, 226881584202375 @ -18, -44, 27
263109506409658, 272770599373687, 239678824709572 @ -7, 32, 48
166081581471648, 469174771222033, 413649455081083 @ 15, -226, -138
285484328585635, 396333387880465, 238813101834004 @ -10, -214, 36
314936217230688, 444153762708083, 139397025717233 @ 79, -481, 284
143355194521976, 411273247979383, 331123428966353 @ 115, -181, -70
82066632810091, 342553996741452, 142467171189125 @ 30, -55, 193
161809258741720, 231498850897091, 76508958745467 @ -13, 65, 273
252900117898264, 319487424799141, 189107603936871 @ 11, -52, 139
328698500329663, 548671057002033, 322244134670462 @ -152, -406, -68
320807349387784, 398436397543086, 314814134279600 @ -153, -159, -42
396453960513307, 266122085348135, 356498186903833 @ -16, 172, -975
423469669396786, 299200572355686, 197716512389156 @ 41, -93, -132
307242970918358, 334537677792251, 225417320113541 @ -32, -95, 56
419717193313458, 296072862502667, 209732570707985 @ 118, -43, -346
205500602126365, 310597443361554, 312256062882869 @ -34, -27, -11
141937674017284, 284108577604053, 341308177570547 @ 130, 9, -92
271536105183686, 207859823877329, 420704441356571 @ -158, 82, -91
166892827556383, 252243531510648, 348121669830233 @ 86, 57, -99
152456778719043, 226695231725058, 315321347183728 @ 70, 87, -32
288521094457888, 268309178389281, 341227311465095 @ -127, 28, -59
134875814314192, 221891997819393, 276890863795751 @ -34, 64, 61
67039776983543, 171875046838183, 454226429939878 @ 30, 112, -110
361696618056938, 380329991494773, 393098044943133 @ -231, -114, -111
281232116618524, 271203719844525, 254212495156841 @ -31, 36, 18
310065899573202, 139568739817735, 422530967260723 @ -123, 236, -225
70463767374120, 327364372746409, 447982475719111 @ 45, -40, -117
243082097478778, 282610919907063, 210936609126773 @ 186, 23, 76
314890592957617, 265924037399387, 284362118226095 @ -64, 52, -61
251194476324608, 255521965899373, 269502854640519 @ -57, 49, 27
235495523693628, 272107587625825, 270747108226005 @ -27, 26, 22
83345977033876, 296589115686102, 91205929368626 @ 67, -9, 254
245560182847816, 97194660352497, 154192375126089 @ 227, 546, 228
330323050303818, 242095415758101, 316337422299273 @ -162, 72, -50
415019799542257, 337302935787810, 248168691869846 @ -88, -349, -382
332093400642358, 273183926405235, 220894804744871 @ -22, 51, 43