67,67
67,52
27,69
27,3
3,24
16,3
7,14
36,67
9,20
33,5
15,8
1,1
22,7
21,19
9,47
30,11
19,32
13,7
21,68
69,53
12,21
21,21
17,27
18,45
53,65
23,13
15,25
29,65
28,25
57,49
63,69
14,31
59,63
5,37
35,61
21,18
43,67
10,49
15,41
10,29
1,3
33,1
63,43
31,2
17,49
35,15
23,23
10,11
65,68
13,26
4,33
29,4
5,7
7,18
29,59
19,43
27,21
31,55
22,39
33,0
47,57
13,36
31,7
23,33
7,21
8,39
23,16
9,38
27,28
26,15
70,69
31,67
3,10
23,45
1,25
1,19
49,61
1,38
25,57
35,59
24,55
17,40
8,13
3,1
67,62
17,17
17,21
63,49
69,67
15,19
66,63
23,66
5,20
32,21
13,45
31,61
13,15
11,27
17,51
68,69
14,39
1,20
57,55
5,43
9,10
69,52
67,59
37,3
47,50
19,33
37,9
17,1
25,61
53,69
57,61
17,31
20,5
33,60
56,47
13,29
3,27
11,19
37,59
26,29
4,35
62,67
23,57
55,70
11,37
3,6
7,40
16,23
1,5
54,55
19,38
9,25
1,8
15,39
10,31
1,56
11,39
33,65
58,63
33,69
15,32
55,44
25,11
4,41
5,13
63,47
25,10
61,53
21,30
16,47
7,17
31,1
3,21
8,33
17,50
5,26
1,13
50,69
54,65
6,41
8,11
17,42
9,42
25,41
5,29
7,7
3,49
1,16
29,21
41,63
19,39
51,60
26,17
35,3
61,52
20,27
60,65
23,19
5,34
17,47
21,23
30,9
25,55
7,30
17,44
24,27
29,57
25,4
41,57
19,45
46,61
57,63
64,55
52,63
17,14
59,53
44,61
9,34
1,11
17,19
11,7
7,36
27,23
31,27
39,10
11,15
3,46
15,30
11,25
35,12
25,62
55,63
1,37
51,63
23,62
23,37
12,3
54,59
39,67
65,55
23,2
60,59
2,31
68,61
8,21
45,54
13,33
19,31
17,48
48,57
63,62
59,55
61,54
40,23
17,36
6,11
48,59
29,62
2,29
27,70
31,58
21,45
5,5
26,57
25,65
28,9
20,43
6,5
4,21
69,55
63,64
9,26
40,67
37,63
42,55
17,15
9,31
35,4
3,31
19,42
13,10
43,6
55,69
31,21
29,7
23,41
19,35
47,69
0,25
58,61
53,68
66,55
45,70
19,6
5,19
40,69
3,43
12,7
25,19
4,47
17,7
62,65
57,44
25,3
58,69
65,66
7,2
21,9
23,3
26,7
5,35
56,51
18,21
45,63
65,63
0,51
13,37
6,15
57,67
43,55
11,43
69,63
3,23
13,16
15,28
11,5
33,66
23,58
11,41
61,61
13,25
27,61
16,9
17,11
27,20
51,61
37,66
4,31
7,3
29,61
27,59
13,9
3,9
35,6
25,64
1,49
1,15
13,5
60,55
5,41
9,27
69,54
60,63
27,15
22,43
22,23
11,9
49,62
23,60
27,43
61,63
21,39
5,2
7,0
25,29
7,8
29,6
15,29
33,68
9,33
3,14
25,37
16,33
19,17
49,59
27,7
19,9
17,37
13,27
15,16
43,4
41,64
9,24
9,5
26,41
68,57
27,66
11,26
9,36
21,25
19,36
15,36
8,3
23,36
40,7
51,69
28,61
18,27
21,10
61,56
42,57
9,3
69,69
31,5
25,44
8,43
34,67
35,1
35,69
2,45
69,49
21,27
5,22
47,62
25,21
35,62
69,65
16,21
69,61
25,17
27,57
43,61
59,67
29,58
14,13
1,34
38,63
64,57
27,8
24,41
5,17
27,64
35,67
20,21
23,63
57,66
37,69
3,4
47,56
25,47
5,25
19,11
31,66
18,5
29,63
70,49
30,57
11,23
17,33
23,56
2,43
7,24
29,67
35,65
17,35
37,5
32,15
29,68
3,45
9,29
7,28
53,64
19,25
45,69
22,31
9,23
36,5
18,29
32,63
45,67
30,19
28,17
26,37
1,33
15,23
67,60
24,33
37,67
25,26
25,7
7,13
13,13
13,24
49,60
10,5
63,67
21,65
16,11
26,55
4,37
22,45
15,34
33,2
29,20
12,29
61,45
26,39
27,25
23,59
15,33
69,47
70,59
17,30
21,5
23,18
29,56
68,67
21,16
8,29
11,24
28,35
41,66
1,39
15,11
1,41
22,3
30,31
4,43
25,42
29,17
64,59
17,46
29,66
24,69
1,6
60,69
11,11
30,23
16,7
58,53
21,17
27,39
25,1
29,15
29,9
51,58
14,37
25,53
15,31
16,5
1,42
3,11
33,63
27,45
42,61
33,3
58,65
21,37
55,67
35,63
33,18
55,52
33,15
17,29
11,35
53,67
9,37
5,3
41,65
23,39
4,1
17,38
30,39
17,23
49,63
25,45
19,23
19,29
63,65
50,65
21,15
26,23
59,52
24,23
68,33
19,40
29,69
24,47
29,27
69,56
29,22
28,29
21,35
21,41
26,59
23,6
37,7
19,16
63,63
31,60
30,25
16,39
13,11
19,7
11,14
25,67
21,33
65,49
25,43
22,21
13,28
17,25
27,63
9,39
5,39
61,57
18,13
59,57
18,11
67,69
54,63
39,64
23,21
47,65
46,67
31,16
66,57
29,19
5,9
61,68
9,7
31,23
55,61
40,57
3,3
10,15
15,26
64,65
5,23
65,67
56,59
25,66
54,57
59,56
20,29
42,69
62,43
21,29
67,61
48,69
26,1
32,69
14,17
32,11
36,69
25,24
11,32
29,14
7,9
29,64
57,56
24,3
27,38
30,1
5,4
21,7
9,19
43,69
28,1
14,41
6,9
3,37
21,69
44,69
27,11
55,60
69,57
21,13
22,69
25,68
11,40
11,18
20,9
14,11
27,44
37,60
34,63
45,59
44,67
69,66
7,39
65,57
7,31
15,7
13,42
3,19
3,15
14,7
19,34
7,1
31,69
5,6
3,8
13,19
15,15
13,41
67,57
11,17
9,35
29,25
41,59
21,4
67,51
29,23
56,67
1,22
7,33
3,40
17,9
47,55
31,64
23,35
7,11
5,45
10,27
21,34
28,3
1,17
19,48
13,17
25,23
1,31
7,37
36,15
11,29
53,66
23,69
12,37
27,68
53,57
31,18
3,29
61,67
13,23
65,65
39,62
8,7
64,61
27,62
7,43
52,61
19,19
31,59
37,65
22,25
17,41
57,58
20,45
15,13
28,59
18,9
11,21
15,35
23,5
1,40
69,50
36,13
59,61
19,12
21,26
65,59
22,35
25,9
57,57
1,21
29,43
55,65
1,2
63,52
19,21
27,37
25,34
23,43
64,69
59,58
31,65
1,23
26,19
3,33
30,41
9,41
15,9
43,65
15,17
25,60
1,43
57,69
5,15
5,1
47,60
9,9
9,13
31,63
63,59
25,59
17,5
1,45
23,46
30,69
29,16
38,69
23,11
31,25
49,49
41,69
62,57
3,28
14,23
10,19
35,10
9,16
61,55
1,9
53,59
6,33
39,69
23,9
23,40
5,28
7,25
59,59
18,25
69,64
2,37
13,39
3,16
62,61
23,25
21,36
21,42
2,35
13,48
67,55
29,8
25,18
14,19
25,14
3,39
6,37
20,23
25,5
42,63
26,5
15,21
31,17
19,13
7,41
19,41
61,65
5,11
24,37
51,68
21,47
17,43
69,59
23,47
24,21
5,31
27,65
3,17
8,49
6,23
19,37
36,27
3,25
25,63
31,62
47,63
7,35
56,63
2,27
21,38
7,22
39,63
27,2
10,45
25,69
46,13
33,7
43,14
27,27
65,69
33,4
21,11
9,21
31,57
24,9
5,27
19,27
23,61
33,21
28,43
67,53
2,19
53,63
7,26
23,17
51,65
47,67
26,25
16,19
1,35
3,41
52,55
31,3
66,67
61,59
13,20
12,5
18,23
4,11
21,64
27,12
7,15
1,32
9,46
29,26
10,37
51,66
30,37
16,15
7,23
17,13
27,67
19,15
7,5
5,8
4,13
17,18
9,4
14,21
27,19
31,10
12,9
41,61
7,29
1,12
20,19
35,64
63,57
24,45
7,27
41,67
39,65
10,41
38,67
50,63
11,22
23,29
31,19
51,54
6,43
61,69
27,41
25,39
1,10
67,65
22,11
5,18
10,7
57,62
5,30
65,61
27,56
55,56
17,28
27,22
5,33
69,51
21,67
23,28
3,7
33,24
23,12
29,5
47,68
1,27
3,5
24,15
20,13
15,27
14,5
36,63
18,33
64,47
1,4
12,33
12,13
12,17
59,60
45,61
2,3
4,17
32,5
49,57
21,8
24,7
10,9
2,23
62,59
49,69
1,14
67,64
1,18
32,7
30,5
1,26
7,19
15,37
51,67
15,5
12,39
59,66
29,1
57,65
24,13
59,69
0,37
3,35
21,14
9,15
40,61
19,47
61,70
9,11
5,38
66,59
30,13
18,17
27,17
1,7
21,62
27,5
23,20
29,3
45,64
55,68
16,25
4,25
21,32
34,29
44,35
41,18
21,59
67,35
5,60
55,9
58,29
7,65
65,14
19,2
41,5
63,8
11,62
37,39
45,37
20,57
44,33
0,47
57,39
45,35
31,47
38,27
48,25
31,39
32,47
13,1
10,47
13,31
69,7
7,52
43,21
29,51
45,22
59,32
63,44
33,17
21,53
9,68
17,53
43,41
29,46
13,52
66,43
69,41
11,63
13,55
44,57
65,5
40,1
47,51
1,61
31,43
46,57
16,69
53,9
55,13
5,57
11,68
44,39
64,1
43,11
35,27
66,13
15,49
66,9
3,57
39,5
15,65
39,51
36,21
33,55
47,53
65,21
57,54
49,14
15,47
55,7
65,24
35,19
33,47
53,12
39,49
40,51
2,49
3,64
18,59
21,1
59,29
35,36
3,51
39,21
45,41
33,27
59,51
55,31
53,37
65,39
16,1
11,52
41,11
45,58
13,59
13,56
55,45
67,18
11,47
45,17
45,9
39,28
57,48
37,24
62,39
59,9
66,11
61,37
47,27
17,52
42,9
39,57
67,16
37,11
52,21
33,29
13,65
49,66
68,3
36,49
49,20
43,27
59,23
62,27
51,37
43,47
63,12
59,45
43,31
68,23
47,29
69,42
65,43
63,25
52,17
27,55
39,1
70,25
69,16
29,55
29,32
68,49
13,64
33,37
42,17
66,49
65,34
36,45
67,25
45,53
55,1
64,53
61,20
63,5
47,3
68,19
27,13
8,59
35,47
63,3
38,11
31,9
17,60
43,66
41,35
34,41
66,25
39,18
53,31
21,51
49,16
34,15
51,36
47,19
37,42
20,53
61,42
50,27
37,4
57,26
43,7
47,9
45,40
47,33
9,62
25,33
69,27
60,43
43,15
48,45
35,49
5,53
69,5
54,61
50,9
66,47
38,43
35,51
62,29
37,45
63,50
59,39
49,39
66,39
23,55
49,38
47,61
43,20
61,2
69,3
66,33
64,21
43,60
67,15
5,55
28,51
55,26
47,48
23,67
23,7
47,23
41,37
3,61
13,49
55,21
61,39
29,36
55,49
37,30
59,47
59,19
63,54
0,65
33,58
37,16
40,49
45,57
58,11
61,31
61,15
21,61
60,29
31,41
61,23
56,17
29,49
23,1
40,13
49,6
31,49
43,9
36,39
49,24
41,25
43,22
25,49
15,55
39,46
19,53
65,7
31,30
25,13
6,13
31,54
47,11
41,2
69,30
38,55
43,19
57,19
46,65
1,57
33,59
63,31
49,54
12,69
69,34
32,27
69,15
15,59
45,11
61,29
14,55
35,13
37,31
53,17
36,57
65,41
33,13
55,53
56,37
3,53
33,33
19,57
49,37
65,53
68,9
51,49
67,0
45,4
15,70
37,32
42,29
51,44
42,49
1,55
12,67
37,15
53,11
41,7
57,36
69,37
32,39
12,1
12,65
49,45
35,38
27,35
39,59
55,32
35,56
45,33
45,12
55,38
39,29
63,10
39,33
51,23
53,1
33,40
64,11
42,15
35,31
56,49
61,14
55,5
67,45
51,8
11,33
44,29
31,53
65,9
45,55
35,33
29,42
7,54
57,59
50,15
41,15
16,63
65,29
45,10
8,61
47,41
32,33
29,45
43,29
35,26
26,35
65,51
49,33
41,51
49,35
1,68
45,24
41,36
3,62
49,46
46,1
54,5
26,11
42,35
42,41
1,69
39,38
43,17
54,1
32,13
47,38
41,1
51,22
29,39
33,41
67,31
48,55
61,6
61,24
26,47
46,27
17,56
47,7
4,57
47,21
39,27
50,41
45,36
53,25
11,49
39,11
13,53
9,55
48,29
61,9
21,55
35,25
15,57
63,23
51,9
2,61
25,15
19,65
45,13
57,23
61,33
57,16
29,29
39,19
41,4
33,51
65,13
47,42
39,13
19,60
67,13
62,15
62,47
49,31
60,41
42,1
60,25
65,6
41,49
40,37
55,33
65,33
35,57
60,21
62,19
2,59
11,50
59,1
58,27
69,12
53,28
51,11
39,8
41,31
34,23
51,27
43,59
51,51
27,30
53,42
42,11
35,39
49,29
23,64
52,43
44,17
64,29
41,9
11,12
44,1
35,21
46,51
63,55
55,42
25,30
63,19
55,59
37,61
51,21
8,55
48,37
57,47
69,46
53,27
64,41
13,58
47,35
35,37
55,37
55,25
41,43
47,17
57,1
61,32
41,58
31,13
2,53
37,40
51,12
57,43
45,27
55,28
29,31
47,47
55,46
28,45
39,23
61,41
61,43
47,5
1,66
13,60
57,7
37,49
69,1
32,23
59,65
47,45
7,68
68,25
60,17
67,49
7,70
65,32
67,17
45,1
42,33
59,11
61,46
9,61
61,25
57,15
61,5
57,13
21,43
21,49
20,67
29,37
51,4
35,55
9,1
33,61
66,29
46,39
53,33
37,37
57,10
39,39
38,1
27,47
43,25
60,49
67,3
53,13
59,6
53,6
59,33
33,23
17,55
41,29
56,21
1,51
17,0
68,13
43,53
57,35
30,45
57,21
51,7
15,63
48,49
15,3
3,59
45,3
57,31
55,17
40,17
18,67
58,23
65,37
57,34
59,3
69,10
36,51
53,50
61,13
9,59
43,8
7,57
43,23
31,36
49,11
46,53
26,33
21,63
59,8
43,37
51,5
31,35
13,47
65,47
49,41
67,37
13,21
58,15
67,7
33,56
38,19
21,66
1,63
65,27
59,27
43,51
50,5
52,15
68,37
1,59
23,65
52,37
39,16
39,4
67,40
9,65
68,41
33,31
32,37
55,39
6,49
9,64
19,5
5,52
33,39
5,63
59,14
59,25
31,45
69,22
61,19
51,39
36,9
62,49
52,19
53,3
35,2
27,29
61,1
13,69
22,55
57,25
9,43
69,19
56,13
59,41
61,47
61,12
32,31
51,32
13,61
27,9
23,31
16,67
69,38
45,49
11,3
19,52
23,49
67,54
16,53
11,55
41,23
9,45
57,11
63,1
51,24
47,31
57,45
7,53
41,13
11,45
63,17
26,49
69,23
46,25
59,15
20,51
41,32
15,45
45,31
31,29
15,1
14,67
56,5
20,3
61,4
69,9
39,48
47,43
5,61
43,26
27,53
65,17
13,43
53,15
49,65
63,61
55,8
39,15
39,40
61,51
37,1
57,29
66,19
63,33
29,13
51,38
2,67
31,33
55,4
12,45
60,1
41,27
47,37
13,67
19,59
47,25
51,33
1,62
48,13
10,65
53,23
37,47
25,52
11,1
49,53
55,51
25,51
60,9
39,55
58,51
57,33
15,54
18,3
2,55
49,1
43,48
31,28
51,41
11,34
66,51
32,43
69,35
37,25
39,17
33,25
47,10
67,43
63,45
17,59
61,49
56,3
37,41
39,31
49,17
25,27
19,63
60,37
7,49
17,45
49,23
64,15
36,1
22,51
63,32
5,68
13,35
33,8
69,31
50,11
7,69
17,3
69,45
49,25
59,5
55,11
1,53
10,61
35,54
11,57
35,53
37,19
19,55
43,12
33,43
36,53
59,38
63,11
59,7
39,45
27,31
65,30
15,42
52,39
36,59
28,49
21,0
69,28
23,54
44,45
7,61
65,25
34,47
39,12
45,47
45,5
49,2
29,47
9,49
58,43
39,47
51,25
9,52
51,1
42,39
69,25
19,67
23,15
63,40
15,52
51,29
33,52
7,66
51,40
7,51
45,18
55,15
47,52
28,33
40,41
5,49
56,7
36,35
55,29
58,35
53,5
44,51
59,44
56,29
57,27
34,21
11,58
15,69
47,22
35,28
61,34
3,47
54,49
70,43
46,15
49,26
58,7
17,39
41,10
63,15
45,21
35,7
24,31
7,48
53,7
49,44
43,49
51,19
37,33
47,16
37,53
43,38
32,55
47,39
39,35
35,9
55,3
7,63
55,14
69,11
57,5
41,21
6,57
67,44
59,35
67,47
41,52
38,23
51,53
13,63
69,43
63,41
8,17
33,11
43,63
49,21
49,19
38,37
19,50
48,9
57,18
59,34
44,63
47,32
53,48
45,65
50,29
37,57
50,3
67,63
61,27
49,47
29,52
21,3
43,5
17,65
59,46
39,37
9,66
37,21
19,61
9,56
11,31
47,59
14,49
53,21
10,1
63,9
51,55
50,21
48,5
16,57
43,13
67,8
33,34
9,53
37,27
29,35
46,7
37,36
63,53
69,26
17,61
69,21
50,51
41,47
41,53
11,65
64,7
3,48
19,51
35,42
23,27
47,15
29,53
50,47
65,2
51,35
39,61
68,45
51,50
37,13
63,39
29,48
49,55
68,5
29,33
35,17
53,47
55,35
21,31
22,49
14,63
19,68
11,59
49,27
53,45
59,31
25,35
10,43
33,45
1,58
45,30
39,7
51,47
38,51
1,65
60,27
41,39
55,43
41,17
24,51
43,35
11,13
57,51
52,7
23,51
46,33
41,55
11,69
69,29
35,29
51,15
49,34
67,28
6,61
7,45
66,3
55,57
39,6
47,13
23,53
63,21
59,4
67,19
25,31
41,6
57,17
66,37
18,55
52,31
59,21
11,53
33,46
5,59
40,35
15,50
7,64
49,51
5,54
30,47
43,45
45,45
43,43
51,17
3,55
59,50
50,57
45,25
44,3
63,35
63,27
15,61
9,17
3,67
33,57
41,28
4,63
45,29
64,37
5,51
34,59
19,62
61,11
67,9
39,60
40,43
65,23
48,19
54,21
59,43
13,51
43,3
39,41
9,67
44,27
51,59
54,17
43,1
49,52
36,23
59,37
12,53
59,22
37,50
15,51
36,31
19,3
67,41
8,45
49,3
54,53
14,1
67,29
6,45
1,67
57,40
53,41
37,29
45,15
19,69
34,35
5,21
39,34
61,21
53,24
37,55
56,31
69,14
44,55
51,43
45,7
53,61
9,51
47,8
63,37
15,43
40,31
55,20
54,39
37,43
5,47
68,1
35,5
63,22
66,5
39,25
54,19
51,31
34,43
24,49
34,49
19,49
29,41
7,67
12,31
45,42
31,11
69,39
49,13
54,9
39,43
47,2
31,31
67,39
41,41
55,19
15,58
9,57
53,39
37,48
5,66
37,51
64,43
58,39
63,29
55,24
26,51
7,59
15,67
11,54
49,15
5,65
67,27
45,43
34,9
68,31
35,20
33,19
39,26
17,67
18,57
57,3
33,67
42,53
49,5
41,45
69,20
65,22
39,54
5,67
29,54
56,41
65,11
5,50
32,51
53,19
66,41
62,17
53,43
0,53
59,20
53,49
57,53
19,1
64,27
68,7
47,36
52,11
44,43
59,13
61,7
41,33
57,37
45,48
67,23
13,3
41,44
15,53
7,58
37,46
38,57
55,55
27,54
22,59
65,45
19,54
2,51
57,41
59,49
44,13
4,53
54,33
57,12
42,43
45,6
60,39
51,48
65,19
51,0
27,33
38,7
33,26
6,47
65,15
17,63
15,60
38,33
67,33
63,51
18,65
55,22
45,39
57,2
37,17
53,51
43,33
49,7
46,31
49,9
33,35
52,3
64,5
61,16
14,3
9,63
20,59
41,20
53,53
3,69
41,46
35,11
52,27
59,0
17,62
63,13
55,10
69,17
31,37
45,19
55,47
7,55
48,41
11,61
39,30
36,17
3,63
12,47
9,69
67,5
37,35
53,2
69,33
63,36
13,44
65,48
11,60
43,46
7,47
52,45
37,23
4,59
31,51
49,30
61,30
61,3
34,17
39,14
1,29
51,13
21,57
51,45
21,48
51,57
28,13
50,35
1,47
35,41
35,23
46,17
53,55
38,21
32,49
27,51
65,1
43,57
39,53
13,62
17,69
33,53
54,15
47,1
34,51
64,17
67,1
6,63
70,3
49,18
65,46
40,55
34,13
65,35
55,41
57,9
41,3
58,31
34,55
53,26
48,23
34,7
69,18
55,27
58,19
17,57
5,56
64,25
63,4
39,3
65,31
8,51
54,35
47,44
67,11
47,49
33,9
25,25
51,3
43,39
61,36
31,15
43,24
29,11
39,9
69,13
65,3
33,49
11,67
58,3
53,29
3,65
53,30
63,7
67,21
61,17
3,13
33,44
62,7
58,25
37,44
67,36
41,22
11,51
51,52
10,57
19,64
61,10
30,51
45,23
47,4
4,67
43,30
42,51
48,65
41,19
55,23
34,33
28,39
53,35
35,43
54,13
40,25
53,34
27,1
15,44
49,67
64,19
53,46
13,57
35,45
47,28
59,48
66,21
15,66
62,23
36,19
46,45
47,34
45,51
61,35
3,70
59,17
50,33
27,49
69,36
35,35
42,25
5,69
45,20
44,49
34,31
63,34
49,43
24,6
28,6
10,21
17,2
8,67
53,60
50,52
62,69
67,4
38,29
35,16
10,34
68,44
17,20
36,11
66,35
2,2
18,2
70,53
46,30
26,13
41,16
10,62
32,4
16,4
26,48
46,49
67,50
65,38
69,8
69,44
18,4
8,27
42,36
55,36
27,6
47,26
64,22
34,37
64,12
58,55
52,24
66,26
68,14
10,0
61,28
70,31
70,15
16,41
64,67
32,61
60,36
54,31
57,60
15,24
8,47
58,52
56,25
48,42
11,30
26,6
4,12
2,66
38,42
68,30
31,44
52,1
37,58
44,40
52,30
66,4
14,25
13,12
68,32
40,18
58,66
62,1
70,44
34,68
8,9
9,60
8,1
70,42
44,66
7,20
6,7
59,68
42,60
60,11
49,36
8,15
28,41
28,14
58,9
26,56
6,50
70,33
46,41
30,10
10,16
5,10
50,13
35,22
44,37
39,44
64,10
0,64
39,58
6,21
54,3
12,12
70,2
50,62
0,62
63,2
56,45
20,4
58,41
54,11
13,30
64,34
16,44
70,10
14,14
52,20
33,28
7,32
11,56
38,50
30,26
54,50
63,6
7,46
62,11
18,18
60,46
25,12
13,4
68,42
46,26
68,34
46,14
38,54
34,25
58,16
62,22
4,65
52,9
58,2
60,38
37,26
63,30
16,10
5,16
66,2
37,12
12,15
58,47
6,48
36,14
70,26
52,50
12,34
58,10
0,54
69,58
60,35
8,8
52,12
64,13
12,64
34,14
14,47
6,24
50,61
44,19
56,12
53,40
32,58
46,23
33,54
51,56
10,58
28,42
16,50
44,0
70,20
66,27
54,47
38,14
22,20
48,50
61,18
8,23
39,56
26,34
62,70
24,40
0,41
12,10
56,28
34,19
38,56
64,36
55,34
52,59
54,52
64,39
18,6
48,20
5,62
54,45
46,28
60,31
20,18
38,58
44,32
12,22
46,38
40,22
54,20
21,52
48,70
14,20
10,60
68,6
38,22
44,26
30,20
17,8
66,7
8,24
40,54
2,34
5,24
22,37
50,18
39,20
69,40
6,26
28,62
28,67
43,42
68,38
32,30
40,0
18,8
65,12
15,12
8,28
46,29
62,48
38,9
58,22
65,40
62,54
70,6
59,10
0,28
7,56
44,28
42,4
46,47
42,20
36,20
57,8
18,22
8,60
48,7
31,34
64,26
42,10
32,42
6,54
38,47
4,10
38,35
65,26
34,0
67,56
54,56
60,16
41,0
24,57
60,56
40,44
51,62
12,36
3,56
57,70
65,44
70,19
48,39
54,8
58,32
18,24
66,18
13,0
34,3
54,34
46,2
60,26
67,48
62,53
7,12
24,12
59,36
38,70
4,62
43,64
28,19
40,10
70,1
8,22
8,54
46,34
5,48
52,44
28,4
22,0
36,24
42,32
44,24
28,0
15,0
68,22
46,66
55,12
14,4
6,58
67,6
60,54
21,22
70,61
16,18
40,33
58,12
9,70
4,23
42,12
52,57
44,31
32,10
11,48
38,39
26,3
0,67
63,56
60,34
32,6
68,58
4,66
44,11
54,22
50,1
2,10
38,62
13,40
57,46
8,68
5,44
70,7
53,32
56,33
47,66
66,52
42,16
43,16
60,4
54,40
44,36
56,35
12,4
60,14
28,23
48,46
65,70
10,33
34,56
0,69
70,51
70,11
65,54
41,38
20,28
22,19
32,62
64,28
4,19
25,0
67,42
10,24
8,53
13,6
54,42
16,13
31,40
70,38
62,40
27,34
32,18
34,24
20,69
4,6
33,6
14,24
46,5
36,4
48,63
0,52
42,5
30,55
46,4
38,45
10,10
46,19
56,61
41,68
12,41
70,12
33,20
54,7
54,16
44,64
30,54
7,60
67,58
56,8
52,26
44,7
2,18
10,50
0,61
19,4
50,20
12,8
56,27
3,52
29,18
50,44
38,59
10,32
38,17
39,42
67,30
38,60
22,17
45,52
42,58
30,15
32,35
52,34
44,9
50,55
39,22
53,0
14,26
32,60
34,2
12,50
66,14
15,48
46,37
30,7
22,15
70,46
50,49
30,46
51,26
61,22
60,5
6,16
55,58
48,61
64,2
64,9
45,2
12,11
68,55
64,56
40,27
32,54
56,53
41,24
36,68
28,15
51,34
60,45
32,17
64,44
12,63
2,20
52,46
24,19
59,40
9,50
33,30
18,7
60,2
18,60
0,60
24,30
25,32
47,58
9,58
7,44
65,16
39,0
1,54
14,34
40,66
30,28
48,18
63,0
3,54
48,67
56,22
10,22
10,17
16,30
63,48
34,10
30,60
22,57
70,48
56,46
58,33
28,52
20,50
60,42
58,48
14,0
2,39
0,13
4,51
0,66
6,55
0,21
52,51
38,66
6,70
39,52
31,8
58,34
54,67
14,38
65,42
26,16
37,70
50,26
4,28
13,50
35,46
31,46
12,18
0,33
48,0
70,63
44,47
50,54
40,50
65,10
10,13
10,36
14,45
34,61
35,68
52,41
30,33
21,2
61,0
25,46
31,70
70,8
6,34
28,18
42,13
59,28
68,16
8,10
36,18
52,48
4,2
39,50
24,0
42,62
44,54
69,6
48,68
50,28
30,22
8,35
24,38
54,0
64,51
14,58
52,25
44,65
64,3
0,2
40,8
10,23
6,6
29,24
56,40
48,22
52,66
50,43
30,50
4,61
10,3
35,40
56,64
31,22
28,47
0,1
34,27
39,2
61,66
44,30
40,4
46,21
57,24
30,66
39,36
19,24
30,30
6,4
48,21
9,48
11,46
22,64
17,66
59,70
26,69
32,57
14,46
8,26
43,2
56,1
64,20
56,52
15,56
31,14
10,68
46,6
65,20
30,38
48,3
62,12
4,38
42,54
30,53
58,50
47,12
60,68
56,65
40,11
27,40
40,2
22,4
53,20
4,34
43,52
61,60
1,28
29,38
50,70
63,28
33,62
40,32
21,40
17,58
10,67
16,42
6,31
15,22
8,37
40,39
17,22
21,60
49,48
68,35
4,69
18,66
2,33
26,36
69,48
16,48
14,12
34,30
26,67
2,17
41,70
18,37
10,8
49,40
48,17
42,59
67,20
22,62
47,30
10,66
62,4
32,0
50,50
38,52
60,48
20,12
20,30
53,36
23,8
24,44
46,35
12,48
53,52
16,51
24,10
68,50
46,70
7,34
3,22
10,63
10,70
61,8
12,28
24,61
0,38
65,56
54,32
6,66
6,46
0,50
32,67
70,30
8,2
30,6
26,0
12,23
47,70
24,26
66,68
42,52
38,65
2,41
2,65
56,54
29,30
65,28
37,22
46,56
32,16
42,65
20,65
16,27
30,2
52,54
35,58
60,30
8,48
14,9
30,27
31,42
23,52
36,25
50,34
51,18
6,20
26,10
26,53
54,60
14,64
44,15
52,6
51,70
2,62
3,44
18,34
2,8
60,10
60,24
11,10
67,46
70,23
42,23
24,5
56,32
54,27
15,10
13,8
28,34
31,24
5,36
24,58
22,12
62,64
56,57
13,14
33,48
64,46
11,66
52,5
44,48
19,30
48,36
64,40
17,10
48,44
28,66
31,26
12,42
22,32
20,22
5,32
69,68
38,32
46,55
16,35
64,63
18,58
13,38
36,22
64,23
62,24
64,62
36,16
36,2
49,4
22,50
30,3
61,48
9,2
8,34
4,40
32,65
50,37
13,70
58,49
65,0
23,48
24,39
18,52
14,62
65,62
0,16
12,30
32,44
11,0
50,23
64,18
8,32
25,20
54,25
70,28
43,34
2,25
19,56
20,68
54,62
0,18
35,44
2,1
48,11
41,14
28,48
18,36
10,18
68,43
34,44
10,12
36,3
13,34
50,39
9,6
36,54
44,18
42,14
14,36
32,34
62,18
68,70
6,12
18,49
9,44
34,66
57,22
24,42
34,69
48,34
70,50
0,58
50,67
0,14
0,40
44,12
22,27
19,8
8,63
33,14
10,59
32,22
19,46
48,47
20,70
52,47
20,20
6,18
70,35
70,64
20,39
35,52
2,52
0,29
68,29
25,16
12,38
12,60
16,26
12,16
0,8
36,8
32,28
68,53
22,28
44,4
1,30
52,13
66,8
52,64
40,40
21,6
16,64
50,40
26,24
32,3
0,44
2,14
59,12
56,34
8,16
2,11
0,32
45,8
5,14
49,12
58,30
70,54
12,32
63,16
60,66
30,64
36,41
40,15
62,9
2,26
38,40
16,36
10,39
18,43
56,39
66,23
23,4
58,6
0,30
58,4
37,2
32,45
28,37
2,22
11,44
6,62
49,70
30,59
28,69
68,12
52,23
32,1
31,6
44,10
27,10
22,6
43,18
32,56
33,64
15,64
18,14
35,18
54,41
66,58
12,61
69,24
16,70
21,50
40,46
34,28
34,50
18,44
3,12
38,41
17,6
