8321906
4302849
4762906
16465044
10362226
15061752
9915411
2561103
7723365
2121995
11006628
14900120
15969419
7445067
12799914
15004589
6132584
506814
13652613
10252626
986742
16142846
9798870
2595099
15229981
12129269
13936691
6284033
2536087
9359865
3858470
704968
2406117
3940520
4491319
5106678
1904464
10561925
2097405
11754127
16132041
4906787
4637058
9509682
11983954
12103931
8720238
5883104
13474002
9164158
15227835
11306577
11384329
7274757
13471435
7989141
5103614
3843921
8646884
2872443
3818234
15273245
9695021
6557527
13457497
12249348
14816365
741807
2798443
4532334
7025580
9439109
5822579
14925749
1916194
3635255
8561463
2880979
1801857
2976319
2373545
10104082
12475125
5557129
7734573
3353868
16695252
7662490
2859909
2615325
5170459
15105386
2870982
12302571
3874673
1464700
5868977
14636353
15188099
10888083
2005668
11860876
4916501
15478598
14086830
10785190
3662357
6472118
878500
2293598
11984547
15069630
9248986
6133551
13501374
7706905
6093285
3343635
7532266
9702742
8716022
13910030
7612104
2198698
9646762
9386035
11766595
6858328
15734960
4088410
13365611
9991616
16708446
11492722
2111937
2666488
12808030
3431830
6830374
12354410
184232
4130685
3939624
3519725
6894726
5064082
2768589
11053969
6222313
1067114
5375862
14483852
15805246
2709385
9979090
5526187
16327919
11399024
1468202
11818228
3503382
7444486
12401597
7838825
14480727
5385238
10686219
5170268
11601565
7756109
13517910
13587722
15289434
14412175
10916790
7164176
13100822
14154727
965242
9769146
12109174
10772060
13280661
12990239
12433032
4946963
15884049
12319675
3297229
15279601
14707097
1388621
4242623
8474788
15665970
2810788
945032
4440963
8871518
494683
11205459
4636964
13507031
8404878
1868588
13084321
8443647
1217827
1664091
2108091
616766
10054248
5734453
7189467
5210188
12515998
5205729
502968
2652240
1761361
313803
14281996
1818799
6027361
1231289
9135912
11647009
11410740
14900221
16326271
7147116
6089616
15197398
1628020
15248648
12368001
4298065
11235224
12292989
14509543
6975658
3403876
2158128
5211970
15579152
4808494
6463946
14831573
4770510
5524600
4617793
15330142
11463707
2035009
1676787
14049594
13932135
4279045
13437694
15926358
5950900
10206523
11915886
16063958
8484483
854531
443760
14955339
15615248
12399966
9533489
13998066
14354425
7077870
8976253
6181262
5210639
1706394
9268641
5079379
15781869
9534134
7655296
10032787
11962099
1374574
9052172
5081084
9165718
11303451
11414993
5011340
2468984
16536061
11614046
2728404
10765661
15613291
10298302
6178939
13367590
2801421
13971290
14335927
10664695
4484615
6391527
2692093
6423862
12656401
14841091
9659895
6125453
15339938
12838795
2227378
8483820
9750517
3818113
12967403
10022048
13263010
13896629
15632492
12241597
4010957
10223413
7936392
13536168
10829451
5559487
14971670
13213215
12142109
4613430
4650899
3787307
4613099
16132160
13177979
5876576
16729053
10492158
15031424
13537612
6965924
11212993
10977750
4884062
2699757
506741
10062209
11325825
6856469
990801
1597800
13697404
8099617
16632356
16269523
8710786
8739313
8041056
1205219
15426996
3577997
5168313
498651
2621200
8632400
1578471
15369461
9695258
10817609
6617782
5438742
15082417
3737803
11168858
9015747
14801336
3709002
10018656
4078960
9608953
13809184
16361818
3080605
12742158
3443847
14814674
1251845
665987
1907014
15930021
9169588
2450469
704786
13275727
12909796
15876913
1928787
14961474
15583785
11390339
10949203
8731044
11370709
608971
9095476
10223718
6157358
12942819
12390155
5038797
6260148
6098084
14030987
5727241
9555612
7065099
11191635
6380186
3100777
10024024
14821049
828585
8222133
12454806
10433856
4189331
9438994
11400516
5249635
12223805
15341681
4572960
9704785
16089042
10608474
8819915
12269947
2759625
7157516
16482711
15691365
14004758
12356253
7686425
8626983
9670809
7207994
16054561
138829
650946
13291732
10917470
6116973
11500439
11544247
14255469
16419256
588556
8708326
10812485
10169643
9711810
157326
15504066
14593956
5299220
6464082
1105058
1209383
15396917
2141916
5266107
7236082
2381600
4737500
920578
4684470
3310020
2738776
1538295
6156375
10524603
7182380
9811005
2610660
9783208
15236729
8055208
1420374
443115
491267
11507862
6956163
8406842
8762997
13983577
9246303
7105093
8548097
14262936
11723536
11864616
14585075
5418175
6467031
15658262
607629
7202366
13389790
7048765
15243443
3948288
12134176
12509531
16496630
7865224
7373165
12959006
15769083
10769473
6923350
4299205
15937090
10679063
13279832
10295555
8107037
10533334
12203763
1689989
7620048
1172207
4769747
8613607
15403980
11758842
2687478
9773607
4827463
11128822
3213583
10646064
11194539
2848865
12918217
12423963
299236
4980820
6446985
1583424
14228932
841860
5298313
495184
6689720
6515267
12216728
2033137
15247941
15273990
8591072
7037045
2783196
289400
13003318
9988218
11120974
7038214
15430424
9848638
8840481
3339455
16241266
1908409
7251222
9535428
7225752
8682321
5522269
3907801
15942242
603478
15694639
13980269
8969083
16506655
7316166
1547598
7618848
14099400
8375622
16634217
12679515
2453359
6115965
9742647
15592604
4325288
14788380
3085080
13140502
6286789
10731208
13024690
6525906
8451937
16295939
519483
8092319
11307115
9459215
6096650
11374382
9164710
15408056
15275523
8764831
11698013
6752546
16463166
5422247
14078649
1498078
4861463
3328766
11858118
16416980
7144182
15713900
12657653
7874783
12314722
14768394
12718936
14801024
5249417
8047756
11042207
11482766
16499734
13589097
8466480
1872501
7614514
13904797
3830383
13362762
5471416
16115071
2664843
3182821
6188042
12446635
8601564
8132089
15365012
6968177
5588738
3679067
6921704
12772476
15237530
1312916
7857514
16385655
11131786
2338360
983741
8050042
3172940
16497319
2342596
12718248
5383414
15406948
3449489
8884553
6889700
15692423
3494079
1011172
13336633
981143
2838963
11071067
12703149
2197887
460718
3517721
11909399
12492136
13676354
10841985
13895045
4278485
13800552
835193
8902553
15075475
12010401
166107
5453095
14074595
12302509
1517022
10770659
12755354
8526072
4654877
11678250
14536214
13440621
395781
7978181
7979321
11128674
1339524
11442826
963873
3932509
13140675
13745322
9836738
13059543
5060729
5508944
8899882
942500
5448172
16309296
10085877
15431802
9261126
9833035
14020673
6436364
1047565
12406564
5114442
3877988
6881477
6279765
4642798
996241
5795760
15166485
8090195
14116996
2296445
5340460
12026146
14180250
5935950
5180994
1621801
8491701
4246295
8081733
15867982
12538317
6458267
2778401
10475917
9392034
13080718
11808173
6076923
12257745
2364765
16759599
10746788
16055194
16622613
4055392
11743654
4125908
4736889
1620308
840702
14399972
4229141
14782244
2461223
3661373
9108314
16291727
10136034
12169152
14820911
14573138
9392258
12326491
11297645
6653727
10870883
8521632
2075573
5754009
5703507
10754420
13246672
11169272
11787107
5165253
10515579
6092843
7849657
3502353
1155811
3589806
16260853
2537163
13309306
1781079
14998016
13134042
3785969
14754717
3966786
15328334
11016738
15984137
6349269
12484581
882575
7303036
12233827
4074306
2617556
1654063
1351515
4538074
15256806
6721844
846682
2671886
11281512
3775354
4778460
10439349
6486159
8098828
13574810
10855446
13849131
398971
6732403
6040475
2669878
8839445
5109309
12675014
16207178
2137754
4839023
7097987
13196192
684519
11232619
13601727
5345801
4959193
11300546
10111018
5922893
3682447
9216001
7889469
7179449
13147370
1312833
14438167
9741927
8516558
4940038
11260249
6310367
14708627
1322509
737821
561168
10531448
15374320
6070838
4056678
15064275
6933730
2449444
10276317
3712035
2416722
12089548
6719584
1193678
8692642
15865261
1185936
4329710
8465662
1065554
11717162
16230901
8712937
15070168
1505736
9735563
13050133
14946293
12866420
8894056
13665001
6161484
5843412
281690
3462956
12446453
10673414
13621784
7418992
2637039
3023440
12388295
1526779
2569918
5639619
3569549
6070092
14013867
6442683
14931364
10045361
14789919
5603516
723176
13090284
13349434
10206640
7925448
4093553
16115767
8902106
14459401
5067645
2289985
11427571
1581472
10970630
1033531
16642041
7120990
6788955
8782237
9352183
5259768
15029339
1487522
13399268
5470802
8109584
14900802
14443022
11891637
4988868
5714921
2311459
6521826
16135625
4210819
9195242
3123642
4145054
4426869
5174015
13300036
10410346
7026712
13359527
7347642
2781534
1284799
6767027
185388
6880048
6858707
3824629
516391
14138248
13726812
2058024
12592028
7337231
2073927
5073062
13562636
1740210
1002241
12528690
4293072
12708526
11708753
2569786
3047933
7805448
4557351
5970108
4466469
12817985
4775636
2182555
16133342
2853486
6943827
16095938
6861971
14112531
2403458
257721
8597706
4876485
5623487
15960213
13239203
14501376
2905630
5285419
16350652
3962710
11788641
15695946
13913447
13488583
8798461
15091848
9807696
3689482
1390852
1406911
13251950
6967894
11372340
1962397
3379785
7685719
864383
4084274
9136428
8724490
10556480
9289518
5151515
2747787
806318
5276094
11638739
15403269
16745882
1099897
3194168
3238520
4978246
13540542
5016097
4488328
13007091
11160845
14483030
8561921
8841248
2187383
988439
9662855
709011
15482691
2493558
2069416
9025566
14670843
1345042
4844362
9751974
12396519
15898835
3571867
7561781
5795755
16054860
12323948
8684502
9628237
16090513
11627862
8269005
7466824
4118331
1566203
16748813
862590
7894861
1921874
7653637
8619525
150728
9346570
1007044
456862
4441946
2213359
8958199
14679410
12283361
9971333
553386
10623558
5451492
8744708
2444451
7453131
6684510
8555143
10538002
3169268
1363636
9241904
7167379
8003440
499885
8508938
10299125
8492088
15889100
2404473
10197201
5449503
353619
12699962
2845163
1602527
466085
1398598
536159
1484719
13457839
8709681
11493883
6534064
11205177
13370162
11748525
2641372
8175872
10941804
4461198
9974258
1964960
14906071
8529481
1399801
8724009
3529419
5874552
11750511
996479
11338517
10880851
7478533
9718837
13533793
3542877
14101771
9773562
9592792
14409679
5404666
4787976
12372439
10306912
10934448
14600557
15524343
16179072
6242776
8755280
8820938
13660266
498099
5992360
5252408
12613464
14863950
13139992
12441552
4556268
9754709
5006305
14890739
13622307
14471272
304142
8823684
13114745
2923933
656680
12239731
16465284
11787833
3097582
16316001
11854354
16111148
7521420
5037470
3322856
5757921
623888
4264370
9022844
259123
9073068
6840807
1843064
5780458
2443921
10496875
14257539
11782475
8100604
3181337
11524545
201814
12256030
3626033
13472388
3103294
12990064
6362387
16266009
10873180
8302801
6497890
8214037
10487944
12460748
6700783
9780322
16318510
131870
2071650
6203439
4830891
15949142
3417000
4543820
16031179
2743899
10775043
10535085
5015047
12256033
14693845
10313394
10544937
8855491
13197899
12366471
9664101
7692469
5779566
4933666
637383
5558410
6934629
12234139
9734364
14839370
3114046
11466558
15860982
6114804
1128466
11918177
4919616
6234711
16199428
8929027
480728
929765
14528346
15028850
9476808
7667624
14548679
3982490
12720495
6810352
4059345
637995
15085067
798657
7113084
13780684
891327
11685470
9921334
6477657
12771349
15553989
11835002
3327164
1829979
4592162
12099776
10879548
13327275
5837215
15949003
1996781
3795535
16362564
14910940
222669
12095355
13624999
14470893
10845526
3398361
7379120
15367347
4209554
2872662
7726204
8139275
2383989
3718103
7741936
13735987
5633767
7520299
12323931
8877108
10453793
11273303
11504840
9903867
1694226
2246630
6027422
8067749
8492061
11427634
12930092
12477416
11710218
4604905
2410419
9975472
11857438
1125671
2987675
2832276
6093622
5443137
5814060
3577155
577609
1744732
15751495
9690001
7673115
1426246
1390404
6509231
5630170
12774570
11999510
12398001
6816316
8903386
4819581
16064928
5087745
15762865
9360624
835359
258848
446950
14172311
9431533
15927452
14630162
1077334
12761246
13079236
1590347
6686636
16574774
13302752
2693820
11636929
10078895
8531557
1847533
7891345
10695912
7969942
11469505
4336584
10614266
14940658
1714952
12523353
5006007
1092095
6125977
13256574
14005679
4547854
5698936
5005334
13513224
10854920
11968826
6922768
12059465
9081848
11431461
13720492
7755371
12915159
5245947
15603990
8833118
5414699
4573492
3419620
16316583
4754272
9253801
6929564
8560866
13974569
14673209
13144452
2959712
11021332
7488700
3571029
10767775
10412344
2292488
2528930
3298798
7964744
15367951
7035130
15066155
3233144
14292312
6105836
3069293
10626670
11120406
2083664
16361260
13692452
15439329
2072109
15194503
4422845
11613173
3546582
14450489
6388081
8951589
6480060
12612633
10591083
9742433
3142537
3820058
10946242
1782666
11318553
11925546
5657864
13800898
11411910
16163775
14572465
14132216
7764344
15974992
15650339
15112823
3771081
10447285
5829816
13484450
10389865
8612356
12641479
6167978
1458615
8324955
15265741
2736164
6062951
4358901
972795
12258475
16565176
9279163
9449194
11529899
9435523
5139181
13369048
1257261
13141283
2821943
1662902
11139147
16400354
5318214
6895185
14704986
1930534
11278569
13722964
13792559
5973849
15991428
6353996
4486193
11103737
10922240
6152339
11511765
1277396
15834147
6530599
8951308
8178445
7948509
6832743
4848380
11086284
11860504
11085895
15857342
6853176
7460673
11793429
4341365
762241
10401570
8764358
14277693
10797138
5943388
3256272
5290620
3037763
4826730
14018275
5672510
5528909
12416773
16000066
6879950
8492914
16647808
14361683
5398699
11730740
9909986
15101126
3320864
3980417
13708108
2567424
5027432
7755550
6702299
8767417
266281
7729324
5475563
13041508
15603532
14829181
13705362
12141507
4875750
13467307
16539416
10718993
6579642
1101527
2402102
14802023
2108744
3139086
12728864
13778565
9757137
13824350
14361983
5352896
13264630
2756492
1307638
4123876
7797131
12994402
9258008
3507907
2677327
4686069
14650725
4880572
2942666
180245
747336
10039522
3147096
11585807
13831428
2695261
380343
1475496
9562145
7619441
6398918
7382798
15746778
10887167
5795673
2326327
6195981
15026334
7779268
10398959
5956949
10573098
13342177
13537403
7849200
13064552
8358067
14829414
12815774
1345192
14295426
5483460
2276802
5317981
9819521
10826148
7188160
9975666
5115475
12888637
9538781
2464400
6005193
8808111
2453715
9937627
16248086
4960741
14280913
6558095
12637799
12492162
15093391
13281143
3480170
14965831
3240459
6160588
620466
4409533
3746166
10943978
7504175
517227
10870040
7260731
7388406
10939923
2760197
5382198
14018218
5945335
8949460
2176401
13827699
1406270
5440269
3063209
15114309
9882370
6732358
1808645
4713596
12634540
12932278
12025595
4334681
8913290
8830347
10064350
15444963
12965287
741682
5715398
12265702
582941
5593217
1867185
4476260
7174450
12993216
1333739
9106624
15315099
14247317
11969724
12689212
7383640
10704882
10022665
13510901
9600923
14350961
1193237
14127500
813090
4784342
12358542
5675517
3351145
10830812
4247089
5590982
2200829
1346820
14062237
10408331
8764191
13700509
16149383
14076605
3156163
5159969
9787719
13075309
2808780
10269851
4390059
374934
4879906
3282909
9807686
11116914
10117417
7814947
12118219
5638456
12876449
16729089
146124
5950385
3520740
8881278
8657632
10385260
14441472
14415509
9735822
2202673
10790367
13478596
12911467
14956638
2511150
12517281
166034
4701769
8185989
6737692
16464939
11588767
2965639
2796970
5484532
4645813
13595792
3041868
11938193
13692775
6445227
12382559
1484592
8223430
1773906
12251342
8721761
6957609
16438422
14674069
4800522
690832
14181618
2837329
7195988
4418624
4192061
257556
13403584
5720984
13401753
11211220
4509718
8626121
5903988
14020928
14193038
11728080
16185110
3535174
3572353
6778480
11028547
1420849
3269936
8636014
1290977
16601305
8373863
569915
2814337
16213062
5332601
12295533
6829073
8923629
13212632
927779
9834459
10608305
7642769
14568502
11353647
3412687
14234926
15301513
8168724
657437
7272203
2004564
12669285
4438557
5641669
5438278
11347113
15259623
9082458
2358954
15414797
2915872
3044026
12792439
1257634
6892806
4637901
12032260
9794837
13789406
13180045
4929722
1527243
12787744
9865897
11714947
4468025
2467640
8632313
3069697
11895563
7175138
8589187
10091973
16267395
16682721
2096117
12818342
4985620
8151075
5663344
15359285
985374
226410
14092825
9142774
4434736
1677788
5665317
4878200
16254962
4190286
6342242
9411286
14843241
15462276
15819692
11622736
8033013
2342693
11162273
3755435
8505268
4228834
9825731
5943807
2030800
3024619
9470320
15768127
9651569
8298190
14767747
3843184
336552
4044941
9909260
7556545
3404792
6823174
14354536
15159611
8016048
4022939
13313533
1943186
15822435
583051
12770144
3186634
16662887
202593
6596811
7769098
16052313
15308456
10675695
13668006
15206144
640562
3752376
14875877
11717406
11278876
5671438
12559438
893438
8525116
4979404
9797757
14336917
3113346
12241115
12280703
7990128
14493347
10782742
16466048
6384500
3201396
241599
3381092
8801493
9486647
7348596
5700175
14160757
263303
9169177
4386195
3441434
5796492
14819536
8532148
14184358
6964381
9576981
1025343
3431862
10857937
12325909
13824021
6976172
6413980
16518854
14163100
10489437
3508238
4653520
10096852
278564
12663329
417052
16037576
14233922
16089154
10624721
15150347
1270251
3408935
384738
4257339
13711728
11779845
13902488
5929027
9283452
15085893
11442753
11843872
7692322
12871448
7456774
15552873
9519661
14107002
2836488
10503810
14064047
2551193
251677
6078612
11062402
3136799
16584251
3951806
3237358
2489910
4543525
1252311
16053827
8570895
8518929
9835296
13211039
8662306
1908773
10733517
559798
4603262
10419191
6943264
6902221
11511329
12023297
8352248
15364491
12192933
15428537
13805343
15390120
3089767
11091729
11812027
10495708
1917876
14535277
15813146
5201614
14865582
14891424
15474180
14807529
8772655
10820916
2067771
8379273
3154996
7297827
404318
16178638
4829486
7523194
12615605
16175605
3171588
5879677
5224332
16327414
1445274
6811330
13455058
5824136
10405704
14648898
3276655
15485828
4085226
1827243
10187179
15596551
15166710
1089087
11709763
12642405
15906417
11407415
675177
4295248
294558
1830701
9351934
5253209
480453
12104451
15708542
9944327
10198451
8790254
8775145
4197790
1001554
14628476
7638223
12238482
13479175
13274920
810791
12278403
8164251
13473462
781857
15886191
9221590
9197471
13823569
14063769
2063681
6942725
771027
12512597
5221669
8855848
7988446
8378821
1834314
8842208
2154553
9789727
4721347
7184534
3877492
15531495
4421839
1476936
4884881
7353860
12419255
8826992
11527128
9200473
14662527
12388144
15289852
14835718
9744228
7671776
10420135
7599100
13894682
2322207
16446815
15784753
3436605
12946596
2143620
11435028
15339111
10118542
12991653
14721153
4472378
621416
14642658
11609002
13060777
15236399
3573574
14168337
11886843
15855967
13148707
9879227
12445747
12538295
9299323
3011441
9030856
13447552
1314339
16151513
2227733
1451580
6598428
14525105
11085646
12136244
11601397
7009434
6222452
2337491
9798776
15270418
15994455
9824227
977893
1388146
5260954
12379261
7653429
13298657
5479256
5153838
4234366
15136330
11215693
326147
9934467
11904376
2960398
651572
4272052
11648134
7825007
14737379
7593896
13510103
3847689
4673993
2664421
5427894
11241602
10912993
7314755
16494554
16668773
4671212
2560214
16267185
16152071
1783899
3676977
11125899
9337981
2383456
12593764
11942484
11890270
12094210
14810764
3016065
8037359
16414152
13698056
1937062
12459803
8380935
15013540
7086798
15728559
1855507
16115678
3714195
10389611
9264233
15471970
11625341
530815
10156714
5872992
11565828
3456146
1343854
7343617
10730258
3487374
544550
3630460
7693707
6439432
9860851
4197009
11383308
13215646
12721655
2825013
15271517
12961096
3552677
5646874
4500206
16578653
8666584
16162160
4032988
15326425
13064383
15567590
14565559
12967265
15784805
8720431
2677869
7006111
15449713
4769231
10461021
5627253
10875827
13212873
1609415
15500036
13055364
8122615
2542127
7995539
1893450
11018854
7350421
10271732
846941
8192490
3786673
9456729
13855314
1360221
6708353
16642901
1850608
12187781
9739736
16155445
12995166
7558556
11418761
11039717
8374480
13204878
5172538
